Case #1: 4
Case #2: 1
Case #3: 1 2
Case #4: 3 5
Case #5: 288230376151711744
Case #6: 51520374361 103040748721 154561123081 206081497441 257601871801 309122246161 360642620521 412162994881 463683369241 515203743601 566724117961 618244492321 669764866681 721285241041 772805615401 824325989761 875846364121 927366738481 978887112841 1030407487201 1081927861561 1133448235921 1184968610281 1236488984641 1288009359001 1339529733361 1391050107721 1442570482081 1494090856441 1545611230801 1597131605161
Case #7: 1000000 1999999 2999998 3999997 4999996 5999995 6999994 7999993 8999992 9999991 10999990 11999989 12999988 13999987 14999986 15999985 16999984 17999983 18999982 19999981 20999980 21999979 22999978 23999977 24999976 25999975 26999974 27999973 28999972 29999971 30999970 31999969 32999968 33999967 34999966 35999965 36999964 37999963 38999962 39999961 40999960 41999959 42999958 43999957 44999956 45999955 46999954 47999953 48999952 49999951
Case #8: 25 49 73 97 121 145 169 193 217 241 265 289 313
Case #9: 1
Case #10: 1
Case #11: 1680700000 3361399999 5042099998 6722799997 8403499996 10084199995 11764899994 13445599993 15126299992 16806999991 18487699990 20168399989 21849099988 23529799987 25210499986 26891199985 28571899984 30252599983 31933299982 33613999981 35294699980 36975399979 38656099978 40336799977 42017499976 43698199975 45378899974 47059599973 48740299972 50420999971 52101699970 53782399969 55463099968 57143799967 58824499966
Case #12: 1
Case #13: 27 53
Case #14: 1
Case #15: 10000 19999 29998 39997 49996
Case #16: 1 2 3 4 5 6 7 8 9 10 11 12 13 14 15 16 17 18 19 20 21
Case #17: 72057594037927936 144115188075855871
Case #18: 1
Case #19: 139314069504 278628139007 417942208510 557256278013 696570347516 835884417019 975198486522 1114512556025 1253826625528 1393140695031 1532454764534 1671768834037 1811082903540 1950396973043 2089711042546 2229025112049 2368339181552 2507653251055 2646967320558 2786281390061 2925595459564 3064909529067 3204223598570 3343537668073 3482851737576 3622165807079 3761479876582 3900793946085 4040108015588 4179422085091 4318736154594 4458050224097 4597364293600 4736678363103 4875992432606 5015306502109
Case #20: 1 2 3 4 5 6 7 8 9 10 11 12 13 14 15 16 17 18 19 20 21 22 23 24 25 26 27 28 29 30 31 32 33 34 35 36 37 38 39 40 41 42 43 44 45 46 47 48 49 50 51 52 53 54 55 56 57 58 59 60 61 62 63 64 65 66 67 68 69 70 71 72 73 74 75 76 77 78 79 80 81 82 83 84 85 86 87 88 89 90 91 92 93 94 95 96
Case #21: 117649 235297 352945 470593
Case #22: 102400000 204799999 307199998 409599997 511999996 614399995 716799994 819199993 921599992 1023999991 1126399990 1228799989 1331199988 1433599987 1535999986 1638399985 1740799984 1843199983 1945599982 2047999981
Case #23: 20971520000000 41943039999999 62914559999998 83886079999997 104857599999996 125829119999995 146800639999994 167772159999993 188743679999992 209715199999991 230686719999990 251658239999989 272629759999988 293601279999987 314572799999986 335544319999985 356515839999984 377487359999983 398458879999982 419430399999981 440401919999980 461373439999979 482344959999978 503316479999977 524287999999976 545259519999975 566231039999974 587202559999973 608174079999972 629145599999971 650117119999970 671088639999969 692060159999968 713031679999967 734003199999966 754974719999965 775946239999964 796917759999963 817889279999962 838860799999961
Case #24: 36028797018963968
Case #25: 64 127
Case #26: 847288609443 1694577218885
Case #27: 722204136308736 1444408272617471 2166612408926206 2888816545234941 3611020681543676 4333224817852411 5055428954161146 5777633090469881 6499837226778616 7222041363087351 7944245499396086 8666449635704821 9388653772013556 10110857908322291 10833062044631026 11555266180939761 12277470317248496 12999674453557231 13721878589865966 14444082726174701 15166286862483436 15888490998792171 16610695135100906 17332899271409641 18055103407718376 18777307544027111 19499511680335846 20221715816644581 20943919952953316 21666124089262051 22388328225570786 23110532361879521 23832736498188256 24554940634496991 25277144770805726 25999348907114461
Case #28: 14348907 28697813 43046719 57395625 71744531 86093437 100442343 114791249 129140155 143489061 157837967 172186873 186535779 200884685
Case #29: 289 577 865 1153 1441 1729 2017 2305 2593
Case #30: 3111696 6223391 9335086 12446781 15558476 18670171 21781866 24893561 28005256 31116951 34228646 37340341 40452036 43563731 46675426 49787121 52898816 56010511 59122206 62233901 65345596
Case #31: 2887174368 5774348735 8661523102 11548697469 14435871836 17323046203 20210220570 23097394937 25984569304 28871743671 31758918038 34646092405 37533266772 40420441139 43307615506 46194789873 49081964240 51969138607 54856312974 57743487341 60630661708 63517836075 66405010442 69292184809 72179359176 75066533543 77953707910 80840882277 83728056644 86615231011 89502405378 92389579745 95276754112 98163928479 101051102846 103938277213 106825451580 109712625947 112599800314
Case #32: 68 135 202 269 336 403 470 537 604 671 738 805 872 939 1006 1073 1140 1207 1274 1341 1408 1475 1542 1609 1676 1743 1810 1877 1944 2011 2078 2145 2212 2279
Case #33: 100000000000000000 199999999999999999 299999999999999998 399999999999999997 499999999999999996
Case #34: 100000000000000 199999999999999 299999999999998 399999999999997 499999999999996 599999999999995 699999999999994 799999999999993 899999999999992 999999999999991 1099999999999990 1199999999999989 1299999999999988 1399999999999987 1499999999999986 1599999999999985 1699999999999984 1799999999999983 1899999999999982 1999999999999981 2099999999999980 2199999999999979 2299999999999978 2399999999999977 2499999999999976 2599999999999975 2699999999999974 2799999999999973 2899999999999972 2999999999999971 3099999999999970 3199999999999969 3299999999999968 3399999999999967 3499999999999966 3599999999999965 3699999999999964 3799999999999963 3899999999999962 3999999999999961 4099999999999960 4199999999999959 4299999999999958 4399999999999957 4499999999999956 4599999999999955 4699999999999954 4799999999999953 4899999999999952 4999999999999951
Case #35: 1
Case #36: 1 2 3 4 5 6 7 8 9 10 11 12 13 14 15 16 17 18 19 20 21 22 23 24 25 26 27 28 29 30 31 32 33 34 35 36 37 38 39 40 41 42 43 44 45 46 47 48 49 50 51 52 53 54 55 56 57 58 59 60 61 62 63 64 65 66 67 68 69
Case #37: 1
Case #38: 1073741824 2147483647 3221225470 4294967293
Case #39: 68719476736 137438953471 206158430206 274877906941 343597383676 412316860411 481036337146 549755813881
Case #40: 101559956668416 203119913336831 304679870005246
Case #41: 1
Case #42: 1 2 3 4 5 6 7 8 9 10 11 12 13 14 15 16 17 18 19 20 21 22 23 24 25 26 27 28 29 30 31 32 33 34 35 36 37 38 39 40 41 42 43 44 45 46 47 48 49 50 51 52 53 54 55 56 57 58 59 60 61 62 63 64 65 66 67 68 69 70 71 72 73 74 75 76 77 78 79 80 81 82 83 84 85 86 87 88 89 90 91 92 93 94 95 96 97 98 99 100
Case #43: 83521 167041 250561 334081 417601 501121 584641 668161 751681
Case #44: 7355827511386641 14711655022773281 22067482534159921 29423310045546561 36779137556933201 44134965068319841 51490792579706481 58846620091093121 66202447602479761 73558275113866401 80914102625253041
Case #45: 8235430000000 16470859999999 24706289999998 32941719999997 41177149999996 49412579999995 57648009999994 65883439999993 74118869999992 82354299999991 90589729999990 98825159999989 107060589999988 115296019999987 123531449999986 131766879999985 140002309999984 148237739999983 156473169999982 164708599999981 172944029999980 181179459999979 189414889999978 197650319999977 205885749999976 214121179999975 222356609999974 230592039999973 238827469999972 247062899999971 255298329999970 263533759999969 271769189999968 280004619999967 288240049999966
Case #46: 150094635296999136 300189270593998271
Case #47: 5329 10657 15985 21313 26641 31969 37297 42625 47953 53281 58609 63937 69265 74593 79921 85249 90577 95905 101233 106561 111889 117217 122545 127873 133201 138529 143857 149185 154513 159841 165169 170497 175825 181153 186481 191809 197137
Case #48: 30840979456 61681958911 92522938366 123363917821 154204897276 185045876731 215886856186 246727835641 277568815096 308409794551 339250774006 370091753461 400932732916 431773712371 462614691826 493455671281 524296650736 555137630191 585978609646 616819589101 647660568556 678501548011 709342527466 740183506921 771024486376 801865465831 832706445286 863547424741
Case #49: 18014398509481984
Case #50: 1 2 3 4 5 6 7 8 9 10 11 12 13 14 15 16 17 18 19 20 21 22 23 24 25 26 27 28 29 30 31 32 33 34 35 36 37 38 39 40 41 42 43 44 45 46 47 48 49 50 51 52 53 54 55 56 57 58 59 60 61 62 63 64 65 66 67 68 69 70 71 72 73 74 75 76 77 78 79 80 81 82 83 84 85 86 87 88 89 90
Case #51: 406067677556641 812135355113281 1218203032669921 1624270710226561 2030338387783201 2436406065339841 2842473742896481 3248541420453121 3654609098009761 4060676775566401 4466744453123041 4872812130679681 5278879808236321 5684947485792961 6091015163349601 6497082840906241 6903150518462881 7309218196019521 7715285873576161 8121353551132801 8527421228689441 8933488906246081 9339556583802721 9745624261359361 10151691938916001 10557759616472641 10963827294029281 11369894971585921 11775962649142561 12182030326699201 12588098004255841 12994165681812481 13400233359369121 13806301036925761
Case #52: 1
Case #53: 7396 14791 22186 29581 36976 44371 51766 59161 66556 73951 81346 88741 96136 103531 110926 118321 125716 133111 140506 147901 155296 162691 170086 177481 184876 192271 199666 207061 214456 221851 229246 236641 244036 251431 258826 266221 273616 281011 288406 295801 303196 310591 317986
Case #54: 389017 778033 1167049 1556065 1945081 2334097 2723113 3112129 3501145 3890161 4279177 4668193 5057209 5446225 5835241 6224257 6613273 7002289 7391305 7780321 8169337 8558353 8947369 9336385 9725401 10114417 10503433 10892449 11281465 11670481 12059497 12448513 12837529 13226545 13615561 14004577 14393593
Case #55: 1 2 3 4 5 6 7 8 9 10 11 12 13 14 15 16 17 18 19 20 21 22 23 24 25 26 27 28 29 30 31 32 33 34 35 36 37 38 39 40 41 42 43 44 45 46 47 48 49 50 51 52 53 54 55 56 57 58 59 60 61 62 63 64 65 66 67 68 69 70 71 72 73 74 75 76 77 78 79 80 81 82 83 84 85 86 87 88 89
Case #56: 1
Case #57: 1
Case #58: 19203908986159 38407817972317 57611726958475 76815635944633 96019544930791 115223453916949 134427362903107 153631271889265 172835180875423 192039089861581 211242998847739 230446907833897 249650816820055 268854725806213 288058634792371 307262543778529 326466452764687 345670361750845 364874270737003 384078179723161 403282088709319 422485997695477 441689906681635 460893815667793 480097724653951 499301633640109 518505542626267 537709451612425 556913360598583 576117269584741 595321178570899 614525087557057 633728996543215 652932905529373 672136814515531 691340723501689 710544632487847 729748541474005 748952450460163 768156359446321
Case #59: 12230590464 24461180927 36691771390 48922361853 61152952316 73383542779 85614133242 97844723705 110075314168 122305904631 134536495094 146767085557 158997676020 171228266483 183458856946 195689447409 207920037872 220150628335 232381218798 244611809261 256842399724 269072990187 281303580650 293534171113
Case #60: 16 31
Case #61: 282475249 564950497 847425745 1129900993 1412376241 1694851489 1977326737 2259801985 2542277233 2824752481 3107227729 3389702977 3672178225 3954653473 4237128721 4519603969 4802079217 5084554465 5367029713 5649504961 5931980209 6214455457 6496930705 6779405953 7061881201
Case #62: 941480149401 1882960298801 2824440448201 3765920597601 4707400747001 5648880896401 6590361045801 7531841195201 8473321344601 9414801494001 10356281643401 11297761792801 12239241942201 13180722091601 14122202241001 15063682390401 16005162539801 16946642689201 17888122838601 18829602988001 19771083137401 20712563286801 21654043436201 22595523585601 23537003735001 24478483884401 25419964033801 26361444183201 27302924332601 28244404482001 29185884631401 30127364780801 31068844930201 32010325079601 32951805229001 33893285378401 34834765527801 35776245677201 36717725826601 37659205976001 38600686125401 39542166274801 40483646424201 41425126573601 42366606723001 43308086872401 44249567021801 45191047171201 46132527320601 47074007470001
Case #63: 1 2 3 4
Case #64: 25600000000 51199999999 76799999998 102399999997 127999999996 153599999995 179199999994 204799999993 230399999992 255999999991
Case #65: 60716992766464 121433985532927 182150978299390 242867971065853 303584963832316 364301956598779 425018949365242 485735942131705 546452934898168 607169927664631 667886920431094 728603913197557 789320905964020 850037898730483 910754891496946 971471884263409 1032188877029872
Case #66: 93206534790699 186413069581397 279619604372095 372826139162793 466032673953491 559239208744189 652445743534887 745652278325585 838858813116283 932065347906981 1025271882697679 1118478417488377 1211684952279075 1304891487069773 1398098021860471 1491304556651169 1584511091441867 1677717626232565 1770924161023263 1864130695813961 1957337230604659 2050543765395357 2143750300186055 2236956834976753 2330163369767451 2423369904558149 2516576439348847 2609782974139545 2702989508930243 2796196043720941 2889402578511639 2982609113302337 3075815648093035 3169022182883733 3262228717674431 3355435252465129 3448641787255827 3541848322046525 3635054856837223 3728261391627921 3821467926418619 3914674461209317 4007880996000015 4101087530790713 4194294065581411 4287500600372109 4380707135162807 4473913669953505 4567120204744203 4660326739534901
Case #67: 229345007 458690013 688035019 917380025 1146725031 1376070037 1605415043 1834760049 2064105055 2293450061 2522795067 2752140073 2981485079 3210830085 3440175091 3669520097 3898865103 4128210109 4357555115 4586900121 4816245127 5045590133 5274935139 5504280145
Case #68: 6634204312890625 13268408625781249 19902612938671873 26536817251562497 33171021564453121 39805225877343745 46439430190234369 53073634503124993 59707838816015617 66342043128906241 72976247441796865 79610451754687489 86244656067578113 92878860380468737 99513064693359361 106147269006249985 112781473319140609 119415677632031233 126049881944921857 132684086257812481 139318290570703105 145952494883593729 152586699196484353 159220903509374977 165855107822265601 172489312135156225 179123516448046849 185757720760937473 192391925073828097 199026129386718721 205660333699609345 212294538012499969 218928742325390593 225562946638281217 232197150951171841 238831355264062465 245465559576953089 252099763889843713 258733968202734337 265368172515624961 272002376828515585 278636581141406209 285270785454296833 291904989767187457 298539194080078081 305173398392968705 311807602705859329 318441807018749953
Case #69: 379749833583241 759499667166481 1139249500749721 1518999334332961 1898749167916201 2278499001499441
Case #70: 10000 19999 29998 39997 49996 59995 69994 79993 89992 99991 109990 119989 129988 139987 149986 159985 169984 179983 189982 199981 209980 219979 229978 239977 249976 259975 269974 279973 289972 299971 309970 319969 329968 339967 349966 359965 369964 379963 389962 399961 409960 419959 429958 439957 449956 459955 469954 479953 489952 499951
Case #71: 1
Case #72: 53459728531456 106919457062911 160379185594366 213838914125821 267298642657276 320758371188731 374218099720186 427677828251641 481137556783096 534597285314551 588057013846006 641516742377461 694976470908916 748436199440371 801895927971826 855355656503281 908815385034736 962275113566191 1015734842097646 1069194570629101 1122654299160556 1176114027692011 1229573756223466 1283033484754921 1336493213286376 1389952941817831
Case #73: 37015056 74030111 111045166 148060221 185075276 222090331 259105386 296120441 333135496 370150551 407165606 444180661 481195716 518210771 555225826 592240881 629255936 666270991 703286046 740301101 777316156 814331211 851346266 888361321 925376376 962391431 999406486 1036421541 1073436596 1110451651 1147466706 1184481761 1221496816 1258511871 1295526926 1332541981 1369557036 1406572091 1443587146
Case #74: 1352605460594688 2705210921189375 4057816381784062 5410421842378749 6763027302973436 8115632763568123 9468238224162810 10820843684757497 12173449145352184 13526054605946871 14878660066541558 16231265527136245 17583870987730932 18936476448325619 20289081908920306 21641687369514993 22994292830109680 24346898290704367 25699503751299054 27052109211893741 28404714672488428 29757320133083115 31109925593677802 32462531054272489
Case #75: 8
Case #76: 1 2 3 4 5 6 7 8 9 10 11 12 13 14 15 16 17 18 19 20 21 22 23 24 25 26 27 28 29 30 31 32 33 34 35 36 37 38 39 40 41 42 43 44 45 46 47 48 49 50 51 52 53 54 55 56 57 58 59 60 61 62 63 64 65 66 67 68 69 70 71 72 73 74 75 76 77 78 79 80 81 82 83 84 85 86 87 88 89 90 91 92 93 94 95
Case #77: 636056 1272111 1908166 2544221 3180276 3816331 4452386 5088441 5724496 6360551 6996606 7632661 8268716 8904771 9540826 10176881 10812936 11448991 12085046 12721101 13357156 13993211 14629266 15265321 15901376 16537431 17173486 17809541 18445596 19081651 19717706 20353761 20989816 21625871 22261926 22897981 23534036 24170091 24806146 25442201 26078256 26714311 27350366
Case #78: 10578455953408 21156911906815 31735367860222 42313823813629 52892279767036 63470735720443 74049191673850 84627647627257 95206103580664 105784559534071 116363015487478 126941471440885 137519927394292 148098383347699
Case #79: 7529536 15059071 22588606 30118141 37647676 45177211 52706746
Case #80: 1 2 3
Case #81: 9509900499 19019800997 28529701495 38039601993 47549502491 57059402989 66569303487 76079203985 85589104483 95099004981 104608905479 114118805977 123628706475 133138606973 142648507471 152158407969 161668308467 171178208965 180688109463 190198009961 199707910459 209217810957 218727711455 228237611953 237747512451 247257412949 256767313447 266277213945 275787114443 285297014941 294806915439 304316815937 313826716435 323336616933 332846517431 342356417929 351866318427 361376218925 370886119423 380396019921 389905920419 399415820917 408925721415 418435621913 427945522411 437455422909 446965323407 456475223905 465985124403 475495024901
Case #82: 3486784401 6973568801 10460353201 13947137601 17433922001
Case #83: 79792266297612000 159584532595223999 239376798892835998 319169065190447997
Case #84: 8836 17671 26506 35341 44176 53011 61846 70681 79516 88351 97186 106021 114856 123691 132526 141361 150196 159031 167866 176701 185536 194371 203206 212041 220876 229711 238546 247381 256216 265051 273886 282721 291556 300391 309226 318061 326896 335731 344566 353401 362236 371071 379906 388741 397576 406411 415246
Case #85: 9 17
Case #86: 2541865828329 5083731656657
Case #87: 100 199 298 397 496 595 694 793 892 991 1090 1189 1288 1387 1486 1585 1684 1783 1882 1981 2080 2179 2278 2377 2476 2575 2674 2773 2872 2971 3070 3169 3268 3367 3466 3565 3664 3763 3862 3961 4060 4159 4258 4357 4456 4555 4654 4753 4852 4951
Case #88: 8589934592 17179869183 25769803774 34359738365
Case #89: 69 137 205 273 341 409 477 545 613 681 749 817 885 953 1021 1089 1157 1225 1293 1361 1429 1497 1565 1633 1701 1769 1837 1905 1973 2041 2109 2177 2245 2313 2381
Case #90: 7311616 14623231 21934846 29246461 36558076 43869691 51181306 58492921 65804536 73116151 80427766 87739381 95050996 102362611 109674226 116985841 124297456 131609071 138920686 146232301 153543916 160855531 168167146 175478761 182790376 190101991
Case #91: 2251875390625 4503750781249 6755626171873 9007501562497 11259376953121 13511252343745 15763127734369 18015003124993 20266878515617 22518753906241 24770629296865 27022504687489 29274380078113 31526255468737 33778130859361 36030006249985 38281881640609 40533757031233
Case #92: 4 7
Case #93: 343000 685999 1028998 1371997 1714996 2057995 2400994 2743993 3086992 3429991 3772990 4115989 4458988 4801987 5144986 5487985 5830984 6173983 6516982 6859981 7202980 7545979 7888978 8231977 8574976 8917975 9260974 9603973 9946972 10289971 10632970 10975969 11318968 11661967 12004966
Case #94: 10000000000000000 19999999999999999 29999999999999998 39999999999999997 49999999999999996 59999999999999995 69999999999999994 79999999999999993 89999999999999992 99999999999999991 109999999999999990 119999999999999989 129999999999999988 139999999999999987 149999999999999986 159999999999999985 169999999999999984 179999999999999983 189999999999999982 199999999999999981 209999999999999980 219999999999999979 229999999999999978 239999999999999977 249999999999999976 259999999999999975 269999999999999974 279999999999999973 289999999999999972 299999999999999971 309999999999999970 319999999999999969 329999999999999968 339999999999999967 349999999999999966 359999999999999965 369999999999999964 379999999999999963 389999999999999962 399999999999999961 409999999999999960 419999999999999959 429999999999999958 439999999999999957 449999999999999956 459999999999999955 469999999999999954 479999999999999953 489999999999999952 499999999999999951
Case #95: 678223072849 1356446145697 2034669218545 2712892291393
Case #96: 3010936384 6021872767 9032809150 12043745533 15054681916 18065618299 21076554682 24087491065 27098427448 30109363831 33120300214 36131236597 39142172980 42153109363 45164045746 48174982129 51185918512 54196854895 57207791278
Case #97: 177978515625 355957031249 533935546873 711914062497 889892578121 1067871093745 1245849609369 1423828124993 1601806640617 1779785156241 1957763671865 2135742187489 2313720703113 2491699218737 2669677734361 2847656249985 3025634765609 3203613281233 3381591796857 3559570312481 3737548828105 3915527343729 4093505859353 4271484374977 4449462890601 4627441406225 4805419921849 4983398437473 5161376953097 5339355468721 5517333984345 5695312499969 5873291015593 6051269531217 6229248046841 6407226562465 6585205078089 6763183593713
Case #98: 2
Case #99: 3570467226624 7140934453247 10711401679870 14281868906493 17852336133116 21422803359739 24993270586362 28563737812985 32134205039608
Case #100: 617673396283947 1235346792567893
